t	S	E	I	R	D
0.0	2798025.00	99.00	0.00	24.00	0.00
1.0	2797926.10	99.49	4.16	118.25	0.00
2.0	2797822.57	104.13	4.10	217.12	0.08
3.0	2797714.45	108.74	4.30	320.35	0.16
4.0	2797601.54	113.56	4.49	428.17	0.24
5.0	2797483.62	118.60	4.69	540.77	0.32
6.0	2797360.49	123.84	4.90	658.36	0.41
7.0	2797231.91	129.32	5.11	781.15	0.50
8.0	2797097.66	135.03	5.34	909.37	0.60
9.0	2796957.48	140.99	5.58	1043.26	0.70
10.0	2796811.12	147.20	5.82	1183.05	0.80
11.0	2796658.32	153.68	6.08	1329.01	0.91
12.0	2796498.80	160.44	6.35	1481.39	1.03
13.0	2796332.28	167.48	6.63	1640.46	1.15
14.0	2796158.46	174.83	6.92	1806.53	1.27
15.0	2795977.03	182.48	7.22	1979.87	1.40
16.0	2795787.67	190.46	7.54	2160.80	1.54
17.0	2795590.04	198.77	7.87	2349.65	1.68
18.0	2795383.80	207.43	8.21	2546.74	1.83
19.0	2795168.58	216.46	8.57	2752.41	1.98
20.0	2794944.02	225.86	8.94	2967.04	2.14
21.0	2794709.73	235.65	9.33	3190.99	2.31
22.0	2794465.29	245.85	9.73	3424.64	2.48
23.0	2794210.31	256.46	10.15	3668.41	2.67
24.0	2793944.34	267.51	10.59	3922.70	2.86
25.0	2793666.93	279.01	11.05	4187.95	3.06
26.0	2793377.63	290.98	11.52	4464.61	3.26
27.0	2793075.95	303.43	12.02	4753.13	3.48
28.0	2792761.40	316.38	12.53	5053.99	3.71
29.0	2792433.45	329.84	13.06	5367.70	3.94
30.0	2792091.58	343.84	13.62	5694.76	4.19
31.0	2791735.25	358.40	14.20	6035.71	4.44
32.0	2791363.88	373.52	14.80	6391.09	4.71
33.0	2790976.89	389.23	15.42	6761.47	4.99
34.0	2790573.67	405.55	16.07	7147.43	5.28
35.0	2790153.60	422.50	16.75	7549.57	5.58
36.0	2789716.05	440.09	17.45	7968.52	5.90
37.0	2789260.35	458.34	18.17	8404.91	6.22
38.0	2788785.83	477.27	18.93	8859.41	6.57
39.0	2788291.78	496.91	19.71	9332.68	6.92
40.0	2787777.50	517.27	20.52	9825.43	7.29
41.0	2787242.24	538.36	21.36	10338.36	7.68
42.0	2786685.26	560.21	22.23	10872.22	8.08
43.0	2786105.78	582.84	23.13	11427.75	8.50
44.0	2785503.03	606.26	24.07	12005.72	8.93
45.0	2784876.18	630.48	25.03	12606.92	9.39
46.0	2784224.42	655.54	26.03	13232.15	9.86
47.0	2783546.92	681.44	27.07	13882.23	10.35
48.0	2782842.81	708.19	28.14	14558.00	10.85
49.0	2782111.24	735.82	29.24	15260.31	11.38
50.0	2781351.32	764.34	30.38	15990.03	11.93
51.0	2780562.16	793.74	31.56	16748.03	12.50
52.0	2779742.86	824.06	32.78	17535.21	13.10
53.0	2778892.51	855.29	34.03	18352.46	13.71
54.0	2778010.19	887.45	35.32	19200.69	14.35
55.0	2777094.98	920.53	36.64	20080.82	15.02
56.0	2776145.95	954.55	38.01	20993.78	15.71
57.0	2775162.18	989.50	39.41	21940.48	16.42
58.0	2774142.74	1025.38	40.86	22921.86	17.16
59.0	2773086.71	1062.18	42.34	23938.84	17.93
60.0	2771993.18	1099.91	43.86	24992.33	18.73
61.0	2770861.24	1138.54	45.42	26083.26	19.55
62.0	2769690.00	1178.07	47.01	27212.52	20.40
63.0	2768478.59	1218.48	48.64	28381.00	21.29
64.0	2767226.16	1259.74	50.31	29589.59	22.20
65.0	2765931.88	1301.84	52.01	30839.12	23.15
66.0	2764594.96	1344.73	53.75	32130.43	24.13
67.0	2763214.63	1388.40	55.52	33464.31	25.14
68.0	2761790.15	1432.80	57.32	34841.54	26.18
69.0	2760320.86	1477.89	59.16	36262.83	27.26
70.0	2758806.11	1523.62	61.02	37728.88	28.37
71.0	2757245.31	1569.94	62.91	39240.33	29.52
72.0	2755637.94	1616.79	64.82	40797.75	30.70
73.0	2753983.54	1664.10	66.75	42401.69	31.92
74.0	2752281.71	1711.82	68.70	44052.60	33.17
75.0	2750532.13	1759.85	70.67	45750.88	34.47
76.0	2748734.55	1808.14	72.66	47496.87	35.79
77.0	2746888.82	1856.58	74.65	49290.79	37.16
78.0	2744994.86	1905.09	76.65	51132.83	38.56
79.0	2743052.71	1953.58	78.65	53023.05	40.00
80.0	2741062.48	2001.95	80.65	54961.44	41.48
81.0	2739024.41	2050.08	82.65	56947.86	43.00
82.0	2736938.83	2097.88	84.63	58982.10	44.55
83.0	2734806.20	2145.22	86.60	61063.83	46.14
84.0	2732627.08	2191.99	88.56	63192.60	47.77
85.0	2730402.16	2238.07	90.49	65367.85	49.44
86.0	2728132.24	2283.34	92.39	67588.89	51.14
87.0	2725818.27	2327.67	94.26	69854.93	52.88
88.0	2723461.31	2370.93	96.08	72165.03	54.65
89.0	2721062.55	2412.99	97.87	74518.14	56.45
90.0	2718623.31	2453.72	99.60	76913.07	58.29
